J = 0.25;
RPM = 800;